0
-0.14673
-0.290285
-0.427555
-0.55557
-0.671559
-0.77301
-0.857729
-0.92388
-0.970031
-0.995185
-0.998795
-0.980785
-0.941544
-0.881921
-0.803208
-0.707107
-0.595699
-0.471397
-0.33689
-0.19509
-0.0490677
0.0980171
0.24298
0.382683
0.514103
0.634393
0.740951
0.83147
0.903989
0.95694
0.989177
1
0.989177
0.95694
0.903989
0.83147
0.740951
0.634393
0.514103
0.382683
0.24298
0.0980171
-0.0490677
-0.19509
-0.33689
-0.471397
-0.595699
-0.707107
-0.803208
-0.881921
-0.941544
-0.980785
-0.998795
-0.995185
-0.970031
-0.92388
-0.857729
-0.77301
-0.671559
-0.55557
-0.427555
-0.290285
-0.14673
4.01771e-14
0.14673
0.290285
0.427555
0.55557
0.671559
0.77301
0.857729
0.92388
0.970031
0.995185
0.998795
0.980785
0.941544
0.881921
0.803208
0.707107
0.595699
0.471397
0.33689
0.19509
0.0490677
-0.0980171
-0.24298
-0.382683
-0.514103
-0.634393
-0.740951
-0.83147
-0.903989
-0.95694
-0.989177
-1
-0.989177
-0.95694
-0.903989
-0.83147
-0.740951
-0.634393
-0.514103
-0.382683
-0.24298
-0.0980171
0.0490677
0.19509
0.33689
0.471397
0.595699
0.707107
0.803208
0.881921
0.941544
0.980785
0.998795
0.995185
0.970031
0.92388
0.857729
0.77301
0.671559
0.55557
0.427555
0.290285
0.14673
-8.03542e-14
-0.14673
-0.290285
-0.427555
-0.55557
-0.671559
-0.77301
-0.857729
-0.92388
-0.970031
-0.995185
-0.998795
-0.980785
-0.941544
-0.881921
-0.803208
-0.707107
-0.595699
-0.471397
-0.33689
-0.19509
-0.0490677
0.0980171
0.24298
0.382683
0.514103
0.634393
0.740951
0.83147
0.903989
0.95694
0.989177
1
0.989177
0.95694
0.903989
0.83147
0.740951
0.634393
0.514103
0.382683
0.24298
0.0980171
-0.0490677
-0.19509
-0.33689
-0.471397
-0.595699
-0.707107
-0.803208
-0.881921
-0.941544
-0.980785
-0.998795
-0.995185
-0.970031
-0.92388
-0.857729
-0.77301
-0.671559
-0.55557
-0.427555
-0.290285
-0.14673
6.36878e-14
0.14673
0.290285
0.427555
0.55557
0.671559
0.77301
0.857729
0.92388
0.970031
0.995185
0.998795
0.980785
0.941544
0.881921
0.803208
0.707107
0.595699
0.471397
0.33689
0.19509
0.0490677
-0.0980171
-0.24298
-0.382683
-0.514103
-0.634393
-0.740951
-0.83147
-0.903989
-0.95694
-0.989177
-1
-0.989177
-0.95694
-0.903989
-0.83147
-0.740951
-0.634393
-0.514103
-0.382683
-0.24298
-0.0980171
0.0490677
0.19509
0.33689
0.471397
0.595699
0.707107
0.803208
0.881921
0.941544
0.980785
0.998795
0.995185
0.970031
0.92388
0.857729
0.77301
0.671559
0.55557
0.427555
0.290285
0.14673
-1.60708e-13
-0.14673
-0.290285
-0.427555
-0.55557
-0.671559
-0.77301
-0.857729
-0.92388
-0.970031
-0.995185
-0.998795
-0.980785
-0.941544
-0.881921
-0.803208
-0.707107
-0.595699
-0.471397
-0.33689
-0.19509
-0.0490677
0.0980171
0.24298
0.382683
0.514103
0.634393
0.740951
0.83147
0.903989
0.95694
0.989177
1
0.989177
0.95694
0.903989
0.83147
0.740951
0.634393
0.514103
0.382683
0.24298
0.0980171
-0.0490677
-0.19509
-0.33689
-0.471397
-0.595699
-0.707107
-0.803208
-0.881921
-0.941544
-0.980785
-0.998795
-0.995185
-0.970031
-0.92388
-0.857729
-0.77301
-0.671559
-0.55557
-0.427555
-0.290285
-0.14673
2.57729e-13
0.14673
0.290285
0.427555
0.55557
0.671559
0.77301
0.857729
0.92388
0.970031
0.995185
0.998795
0.980785
0.941544
0.881921
0.803208
0.707107
0.595699
0.471397
0.33689
0.19509
0.0490677
-0.0980171
-0.24298
-0.382683
-0.514103
-0.634393
-0.740951
-0.83147
-0.903989
-0.95694
-0.989177
-1
-0.989177
-0.95694
-0.903989
-0.83147
-0.740951
-0.634393
-0.514103
-0.382683
-0.24298
-0.0980171
0.0490677
0.19509
0.33689
0.471397
0.595699
0.707107
0.803208
0.881921
0.941544
0.980785
0.998795
0.995185
0.970031
0.92388
0.857729
0.77301
0.671559
0.55557
0.427555
0.290285
0.14673
-1.27376e-13
-0.14673
-0.290285
-0.427555
-0.55557
-0.671559
-0.77301
-0.857729
-0.92388
-0.970031
-0.995185
-0.998795
-0.980785
-0.941544
-0.881921
-0.803208
-0.707107
-0.595699
-0.471397
-0.33689
-0.19509
-0.0490677
0.0980171
0.24298
0.382683
0.514103
0.634393
0.740951
0.83147
0.903989
0.95694
0.989177
1
0.989177
0.95694
0.903989
0.83147
0.740951
0.634393
0.514103
0.382683
0.24298
0.0980171
-0.0490677
-0.19509
-0.33689
-0.471397
-0.595699
-0.707107
-0.803208
-0.881921
-0.941544
-0.980785
-0.998795
-0.995185
-0.970031
-0.92388
-0.857729
-0.77301
-0.671559
-0.55557
-0.427555
-0.290285
-0.14673
2.24396e-13
0.14673
0.290285
0.427555
0.55557
0.671559
0.77301
0.857729
0.92388
0.970031
0.995185
0.998795
0.980785
0.941544
0.881921
0.803208
0.707107
0.595699
0.471397
0.33689
0.19509
0.0490677
-0.0980171
-0.24298
-0.382683
-0.514103
-0.634393
-0.740951
-0.83147
-0.903989
-0.95694
-0.989177
-1
-0.989177
-0.95694
-0.903989
-0.83147
-0.740951
-0.634393
-0.514103
-0.382683
-0.24298
-0.0980171
0.0490677
0.19509
0.33689
0.471397
0.595699
0.707107
0.803208
0.881921
0.941544
0.980785
0.998795
0.995185
0.970031
0.92388
0.857729
0.77301
0.671559
0.55557
0.427555
0.290285
0.14673
-3.21417e-13
-0.14673
-0.290285
-0.427555
-0.55557
-0.671559
-0.77301
-0.857729
-0.92388
-0.970031
-0.995185
-0.998795
-0.980785
-0.941544
-0.881921
-0.803208
-0.707107
-0.595699
-0.471397
-0.33689
-0.19509
-0.0490677
0.0980171
0.24298
0.382683
0.514103
0.634393
0.740951
0.83147
0.903989
0.95694
0.989177
1
0.989177
0.95694
0.903989
0.83147
0.740951
0.634393
0.514103
0.382683
0.24298
0.0980171
-0.0490677
-0.19509
-0.33689
-0.471397
-0.595699
-0.707107
-0.803208
-0.881921
-0.941544
-0.980785
-0.998795
-0.995185
-0.970031
-0.92388
-0.857729
-0.77301
-0.671559
-0.55557
-0.427555
-0.290285
-0.14673
4.18437e-13
0.14673
0.290285
0.427555
0.55557
0.671559
0.77301
0.857729
0.92388
0.970031
0.995185
0.998795
0.980785
0.941544
0.881921
0.803208
0.707107
0.595699
0.471397
0.33689
0.19509
0.0490677
-0.0980171
-0.24298
-0.382683
-0.514103
-0.634393
-0.740951
-0.83147
-0.903989
-0.95694
-0.989177
-1
-0.989177
-0.95694
-0.903989
-0.83147
-0.740951
-0.634393
-0.514103
-0.382683
-0.24298
-0.0980171
0.0490677
0.19509
0.33689
0.471397
0.595699
0.707107
0.803208
0.881921
0.941544
0.980785
0.998795
0.995185
0.970031
0.92388
0.857729
0.77301
0.671559
0.55557
0.427555
0.290285
0.14673
-5.15458e-13
-0.14673
-0.290285
-0.427555
-0.55557
-0.671559
-0.77301
-0.857729
-0.92388
-0.970031
-0.995185
-0.998795
-0.980785
-0.941544
-0.881921
-0.803208
-0.707107
-0.595699
-0.471397
-0.33689
-0.19509
-0.0490677
0.0980171
0.24298
0.382683
0.514103
0.634393
0.740951
0.83147
0.903989
0.95694
0.989177
1
0.989177
0.95694
0.903989
0.83147
0.740951
0.634393
0.514103
0.382683
0.24298
0.0980171
-0.0490677
-0.19509
-0.33689
-0.471397
-0.595699
-0.707107
-0.803208
-0.881921
-0.941544
-0.980785
-0.998795
-0.995185
-0.970031
-0.92388
-0.857729
-0.77301
-0.671559
-0.55557
-0.427555
-0.290285
-0.14673
6.12478e-13
0.14673
0.290285
0.427555
0.55557
0.671559
0.77301
0.857729
0.92388
0.970031
0.995185
0.998795
0.980785
0.941544
0.881921
0.803208
0.707107
0.595699
0.471397
0.33689
0.19509
0.0490677
-0.0980171
-0.24298
-0.382683
-0.514103
-0.634393
-0.740951
-0.83147
-0.903989
-0.95694
-0.989177
-1
-0.989177
-0.95694
-0.903989
-0.83147
-0.740951
-0.634393
-0.514103
-0.382683
-0.24298
-0.0980171
0.0490677
0.19509
0.33689
0.471397
0.595699
0.707107
0.803208
0.881921
0.941544
0.980785
0.998795
0.995185
0.970031
0.92388
0.857729
0.77301
0.671559
0.55557
0.427555
0.290285
0.14673
-2.54751e-13
-0.14673
-0.290285
-0.427555
-0.55557
-0.671559
-0.77301
-0.857729
-0.92388
-0.970031
-0.995185
-0.998795
-0.980785
-0.941544
-0.881921
-0.803208
-0.707107
-0.595699
-0.471397
-0.33689
-0.19509
-0.0490677
0.0980171
0.24298
0.382683
0.514103
0.634393
0.740951
0.83147
0.903989
0.95694
0.989177
1
0.989177
0.95694
0.903989
0.83147
0.740951
0.634393
0.514103
0.382683
0.24298
0.0980171
-0.0490677
-0.19509
-0.33689
-0.471397
-0.595699
-0.707107
-0.803208
-0.881921
-0.941544
-0.980785
-0.998795
-0.995185
-0.970031
-0.92388
-0.857729
-0.77301
-0.671559
-0.55557
-0.427555
-0.290285
-0.14673
8.06519e-13
0.14673
0.290285
0.427555
0.55557
0.671559
0.77301
0.857729
0.92388
0.970031
0.995185
0.998795
0.980785
0.941544
0.881921
0.803208
0.707107
0.595699
0.471397
0.33689
0.19509
0.0490677
-0.0980171
-0.24298
-0.382683
-0.514103
-0.634393
-0.740951
-0.83147
-0.903989
-0.95694
-0.989177
-1
-0.989177
-0.95694
-0.903989
-0.83147
-0.740951
-0.634393
-0.514103
-0.382683
-0.24298
-0.0980171
0.0490677
0.19509
0.33689
0.471397
0.595699
0.707107
0.803208
0.881921
0.941544
0.980785
0.998795
0.995185
0.970031
0.92388
0.857729
0.77301
0.671559
0.55557
0.427555
0.290285
0.14673
-4.48792e-13
-0.14673
-0.290285
-0.427555
-0.55557
-0.671559
-0.77301
-0.857729
-0.92388
-0.970031
-0.995185
-0.998795
-0.980785
-0.941544
-0.881921
-0.803208
-0.707107
-0.595699
-0.471397
-0.33689
-0.19509
-0.0490677
0.0980171
0.24298
0.382683
0.514103
0.634393
0.740951
0.83147
0.903989
0.95694
0.989177
1
0.989177
0.95694
0.903989
0.83147
0.740951
0.634393
0.514103
0.382683
0.24298
0.0980171
-0.0490677
-0.19509
-0.33689
-0.471397
-0.595699
-0.707107
-0.803208
-0.881921
-0.941544
-0.980785
-0.998795
-0.995185
-0.970031
-0.92388
-0.857729
-0.77301
-0.671559
-0.55557
-0.427555
-0.290285
-0.14673
1.00056e-12
0.14673
0.290285
0.427555
0.55557
0.671559
0.77301
0.857729
0.92388
0.970031
0.995185
0.998795
0.980785
0.941544
0.881921
0.803208
0.707107
0.595699
0.471397
0.33689
0.19509
0.0490677
-0.0980171
-0.24298
-0.382683
-0.514103
-0.634393
-0.740951
-0.83147
-0.903989
-0.95694
-0.989177
-1
-0.989177
-0.95694
-0.903989
-0.83147
-0.740951
-0.634393
-0.514103
-0.382683
-0.24298
-0.0980171
0.0490677
0.19509
0.33689
0.471397
0.595699
0.707107
0.803208
0.881921
0.941544
0.980785
0.998795
0.995185
0.970031
0.92388
0.857729
0.77301
0.671559
0.55557
0.427555
0.290285
0.14673
